04/22 0600 00101 軽油 140.00 119.60 16,744
04/24 0600 00101 軽油 137.00 119.60 16,385
04/27 0600 00101 軽油 139.00 119.60 16,624
04/29 0600 00101 軽油 50.00 119.60 5,980
05/01 0600 00101 軽油 149.00 119.60 17,820
05/04 0600 00101 軽油 132.50 119.60 15,847
05/06 0600 00101 軽油 136.90 119.60 16,373
05/08 0600 00101 軽油 128.50 119.60 15,369
05/11 0600 00101 軽油 140.00 119.60 16,744
05/13 0600 00101 軽油 107.00 119.60 12,797
05/15 0600 00101 軽油 140.00 119.60 16,744
05/18 0600 00101 軽油 139.00 119.60 16,624
05/20 0600 00101 軽油 104.50 119.60 12,498
***** 軽油税 1,643.40 15.00 24,653
***** 車番計 221,202
04/22 1577 00101 軽油 114.80 119.60 13,730
04/24 1577 00101 軽油 116.20 119.60 13,898
04/27 1577 00101 軽油 67.10 119.60 8,025
04/29 1577 00101 軽油 59.50 119.60 7,116
05/01 1577 00101 軽油 143.10 119.60 17,115
05/06 1577 00101 軽油 4.10 119.60 490
05/11 1577 00101 軽油 47.50 119.60 5,681
05/13 1577 00101 軽油 125.10 119.60 14,962
05/15 1577 00101 軽油 111.30 119.60 13,311
05/18 1577 00101 軽油 69.30 119.60 8,288
05/20 1577 00101 軽油 118.10 119.60 14,125
***** 軽油税 976.10 15.00 14,646
***** 車番計 131,387
04/22 2178 00101 軽油 36.10 119.60 4,318
04/24 2178 00101 軽油 40.50 119.60 4,844
04/27 2178 00101 軽油 25.30 119.60 3,026
04/29 2178 00101 軽油 38.40 119.60 4,593
05/01 2178 00101 軽油 32.30 119.60 3,863
05/06 2178 00101 軽油 31.90 119.60 3,815
05/08 2178 00101 軽油 42.30 119.60 5,059
05/11 2178 00101 軽油 21.00 119.60 2,512
05/13 2178 00101 軽油 12.40 119.60 1,483
05/15 2178 00101 軽油 31.70 119.60 3,791
***** 軽油税 311.90 15.00 4,682
***** 車番計 41,986
04/22 2490 00101 軽油 65.90 119.60 7,882
04/24 2490 00101 軽油 109.00 119.60 13,036
04/27 2490 00101 軽油 68.70 119.60 8,217
04/29 2490 00101 軽油 33.00 119.60 3,947
05/01 2490 00101 軽油 50.00 119.60 5,980
05/04 2490 00101 軽油 22.50 119.60 2,691
05/06 2490 00101 軽油 25.30 119.60 3,026
05/11 2490 00101 軽油 24.10 119.60 2,882
05/13 2490 00101 軽油 44.90 119.60 5,370
05/15 2490 00101 軽油 83.50 119.60 9,987
05/18 2490 00101 軽油 11.40 119.60 1,363
05/20 2490 00101 軽油 39.00 119.60 4,664
***** 軽油税 577.30 15.00 8,663
***** 車番計 77,708
04/22 2718 00101 軽油 88.90 119.60 10,632
04/24 2718 00101 軽油 93.10 119.60 11,135
04/27 2718 00101 軽油 138.20 119.60 16,529
04/29 2718 00101 軽油 97.50 119.60 11,661
05/01 2718 00101 軽油 85.80 119.60 10,262
05/04 2718 00101 軽油 132.80 119.60 15,883
05/06 2718 00101 軽油 100.50 119.60 12,020
05/08 2718 00101 軽油 91.00 119.60 10,884
05/11 2718 00101 軽油 119.90 119.60 14,340
05/13 2718 00101 軽油 92.30 119.60 11,039
05/15 2718 00101 軽油 94.90 119.60 11,350
05/18 2718 00101 軽油 111.20 119.60 13,300
05/20 2718 00101 軽油 83.30 119.60 9,963
***** 軽油税 1,329.40 15.00 19,945
***** 車番計 178,943
04/22 3488 00101 軽油 110.00 119.60 13,156
04/24 3488 00101 軽油 132.00 119.60 15,787
04/27 3488 00101 軽油 120.00 119.60 14,352
04/29 3488 00101 軽油 120.00 119.60 14,352
05/01 3488 00101 軽油 130.00 119.60 15,548
05/04 3488 00101 軽油 121.60 119.60 14,543
05/06 3488 00101 軽油 61.70 119.60 7,379
05/08 3488 00101 軽油 173.10 119.60 20,703
05/11 3488 00101 軽油 127.20 119.60 15,213
05/13 3488 00101 軽油 107.00 119.60 12,797
05/18 3488 00101 軽油 139.80 119.60 16,720
***** 軽油税 1,342.40 15.00 20,137
***** 車番計 180,687
04/22 4179 00101 軽油 54.80 119.60 6,554
04/24 4179 00101 軽油 18.40 119.60 2,201
04/27 4179 00101 軽油 46.80 119.60 5,597
04/29 4179 00101 軽油 13.00 119.60 1,555
05/01 4179 00101 軽油 7.00 119.60 837
05/04 4179 00101 軽油 18.00 119.60 2,153
05/11 4179 00101 軽油 46.00 119.60 5,502
05/13 4179 00101 軽油 41.50 119.60 4,963
05/15 4179 00101 軽油 58.00 119.60 6,937
05/18 4179 00101 軽油 32.80 119.60 3,923
05/20 4179 00101 軽油 30.90 119.60 3,696
***** 軽油税 367.20 15.00 5,509
***** 車番計 49,427
04/22 4202 00101 軽油 10.10 119.60 1,208
04/27 4202 00101 軽油 10.00 119.60 1,196
05/06 4202 00101 軽油 2.00 119.60 239
05/11 4202 00101 軽油 17.90 119.60 2,141
05/18 4202 00101 軽油 30.40 119.60 3,636
***** 軽油税 70.40 15.00 1,057
***** 車番計 9,477
04/22 4203 00101 軽油 28.90 119.60 3,456
04/24 4203 00101 軽油 30.90 119.60 3,696
04/27 4203 00101 軽油 27.70 119.60 3,313
04/29 4203 00101 軽油 36.40 119.60 4,353
05/01 4203 00101 軽油 19.30 119.60 2,308
05/06 4203 00101 軽油 11.80 119.60 1,411
05/08 4203 00101 軽油 33.70 119.60 4,031
05/11 4203 00101 軽油 49.10 119.60 5,872
05/13 4203 00101 軽油 9.50 119.60 1,136
05/18 4203 00101 軽油 53.00 119.60 6,339
05/20 4203 00101 軽油 29.40 119.60 3,516
***** 軽油税 329.70 15.00 4,949
***** 車番計 44,380
04/22 4412 00101 軽油 34.80 119.60 4,162
04/24 4412 00101 軽油 20.90 119.60 2,500
04/27 4412 00101 軽油 23.90 119.60 2,858
04/29 4412 00101 軽油 21.20 119.60 2,536
05/01 4412 00101 軽油 15.00 119.60 1,794
05/04 4412 00101 軽油 31.30 119.60 3,743
05/06 4412 00101 軽油 28.30 119.60 3,385
05/08 4412 00101 軽油 49.20 119.60 5,884
05/11 4412 00101 軽油 40.00 119.60 4,784
05/13 4412 00101 軽油 13.00 119.60 1,555
05/15 4412 00101 軽油 5.00 119.60 598
05/18 4412 00101 軽油 43.50 119.60 5,203
05/20 4412 00101 軽油 28.30 119.60 3,385
***** 軽油税 354.40 15.00 5,319
***** 車番計 47,706
04/22 4445 00101 軽油 130.00 119.60 15,548
04/24 4445 00101 軽油 120.00 119.60 14,352
04/27 4445 00101 軽油 121.00 119.60 14,472
04/29 4445 00101 軽油 56.00 119.60 6,698
05/01 4445 00101 軽油 126.00 119.60 15,070
05/04 4445 00101 軽油 61.40 119.60 7,343
05/08 4445 00101 軽油 136.00 119.60 16,266
05/11 4445 00101 軽油 111.00 119.60 13,276
05/13 4445 00101 軽油 132.00 119.60 15,787
05/15 4445 00101 軽油 120.00 119.60 14,352
05/18 4445 00101 軽油 124.00 119.60 14,830
05/20 4445 00101 軽油 124.40 119.60 14,878
***** 軽油税 1,361.80 15.00 20,427
***** 車番計 183,299
04/22 5288 00101 軽油 30.90 119.60 3,696
04/24 5288 00101 軽油 26.20 119.60 3,134
04/27 5288 00101 軽油 40.00 119.60 4,784
04/29 5288 00101 軽油 30.90 119.60 3,696
05/01 5288 00101 軽油 35.70 119.60 4,270
05/04 5288 00101 軽油 35.30 119.60 4,222
05/06 5288 00101 軽油 24.20 119.60 2,894
05/08 5288 00101 軽油 39.60 119.60 4,736
05/11 5288 00101 軽油 55.40 119.60 6,626
05/15 5288 00101 軽油 46.50 119.60 5,561
05/18 5288 00101 軽油 43.50 119.60 5,203
05/20 5288 00101 軽油 8.60 119.60 1,029
***** 軽油税 416.80 15.00 6,255
***** 車番計 56,106
04/24 5941 00101 軽油 46.00 119.60 5,502
04/29 5941 00101 軽油 38.00 119.60 4,545
05/18 5941 00101 軽油 45.80 119.60 5,478
***** 軽油税 129.80 15.00 1,947
***** 車番計 17,472
05/13 6008 00101 軽油 44.60 119.60 5,334
***** 軽油税 44.60 15.00 669
***** 車番計 6,003
04/24 6009 00101 軽油 40.00 119.60 4,784
05/11 6009 00101 軽油 42.50 119.60 5,083
***** 軽油税 82.50 15.00 1,238
***** 車番計 11,105
05/06 6030 00101 軽油 45.90 119.60 5,490
05/11 6030 00101 軽油 50.90 119.60 6,088
05/13 6030 00101 軽油 31.70 119.60 3,791
05/18 6030 00101 軽油 49.80 119.60 5,956
05/20 6030 00101 軽油 31.20 119.60 3,732
***** 軽油税 209.50 15.00 3,144
***** 車番計 28,201
04/24 6254 00101 軽油 27.00 119.60 3,229
05/13 6254 00101 軽油 30.00 119.60 3,588
05/20 6254 00101 軽油 33.10 119.60 3,959
***** 軽油税 90.10 15.00 1,352
***** 車番計 12,128
04/22 7545 00101 軽油 11.80 119.60 1,411
04/24 7545 00101 軽油 36.50 119.60 4,365
04/27 7545 00101 軽油 25.10 119.60 3,002
04/29 7545 00101 軽油 17.20 119.60 2,057
05/01 7545 00101 軽油 10.00 119.60 1,196
05/04 7545 00101 軽油 32.00 119.60 3,827
05/06 7545 00101 軽油 6.10 119.60 730
05/13 7545 00101 軽油 43.60 119.60 5,215
05/15 7545 00101 軽油 15.60 119.60 1,866
05/18 7545 00101 軽油 56.20 119.60 6,722
05/20 7545 00101 軽油 18.30 119.60 2,189
***** 軽油税 272.40 15.00 4,088
***** 車番計 36,668
04/22 8274 00101 軽油 120.90 119.60 14,460
04/24 8274 00101 軽油 68.20 119.60 8,157
04/27 8274 00101 軽油 88.40 119.60 10,573
04/29 8274 00101 軽油 83.40 119.60 9,975
05/01 8274 00101 軽油 85.80 119.60 10,262
05/04 8274 00101 軽油 76.90 119.60 9,197
05/06 8274 00101 軽油 73.20 119.60 8,755
05/08 8274 00101 軽油 88.50 119.60 10,585
05/11 8274 00101 軽油 71.20 119.60 8,516
05/13 8274 00101 軽油 76.20 119.60 9,114
05/15 8274 00101 軽油 88.80 119.60 10,620
05/18 8274 00101 軽油 83.90 119.60 10,034
05/20 8274 00101 軽油 36.80 119.60 4,401
***** 軽油税 1,042.20 15.00 15,635
***** 車番計 140,284
04/22 8369 00101 軽油 10.00 119.60 1,196
04/24 8369 00101 軽油 16.30 119.60 1,949
04/27 8369 00101 軽油 69.40 119.60 8,300
04/29 8369 00101 軽油 21.00 119.60 2,512
05/01 8369 00101 軽油 16.20 119.60 1,938
05/04 8369 00101 軽油 37.50 119.60 4,485
05/06 8369 00101 軽油 20.00 119.60 2,392
05/08 8369 00101 軽油 45.40 119.60 5,430
05/11 8369 00101 軽油 36.30 119.60 4,341
05/13 8369 00101 軽油 20.80 119.60 2,488
05/15 8369 00101 軽油 30.50 119.60 3,648
05/18 8369 00101 軽油 41.90 119.60 5,011
05/20 8369 00101 軽油 33.80 119.60 4,042
***** 軽油税 399.10 15.00 5,989
***** 車番計 53,721
04/22 8473 00101 軽油 124.80 119.60 14,926
04/24 8473 00101 軽油 119.40 119.60 14,280
04/27 8473 00101 軽油 110.30 119.60 13,192
04/29 8473 00101 軽油 128.50 119.60 15,369
05/01 8473 00101 軽油 115.20 119.60 13,778
05/04 8473 00101 軽油 106.90 119.60 12,785
05/06 8473 00101 軽油 105.60 119.60 12,630
05/08 8473 00101 軽油 115.00 119.60 13,754
05/11 8473 00101 軽油 121.40 119.60 14,519
05/13 8473 00101 軽油 124.00 119.60 14,830
05/15 8473 00101 軽油 109.10 119.60 13,048
05/18 8473 00101 軽油 98.30 119.60 11,757
05/20 8473 00101 軽油 66.40 119.60 7,941
***** 軽油税 1,444.90 15.00 21,676
***** 車番計 194,485
04/22 8499 00101 軽油 28.50 119.60 3,409
04/24 8499 00101 軽油 12.60 119.60 1,507
04/27 8499 00101 軽油 18.90 119.60 2,260
04/29 8499 00101 軽油 22.00 119.60 2,631
05/01 8499 00101 軽油 31.90 119.60 3,815
05/04 8499 00101 軽油 40.00 119.60 4,784
05/08 8499 00101 軽油 36.70 119.60 4,389
05/11 8499 00101 軽油 9.50 119.60 1,136
05/13 8499 00101 軽油 39.70 119.60 4,748
05/15 8499 00101 軽油 40.20 119.60 4,808
05/18 8499 00101 軽油 26.60 119.60 3,181
05/20 8499 00101 軽油 33.80 119.60 4,042
***** 軽油税 340.40 15.00 5,109
***** 車番計 45,819
04/22 8906 00101 軽油 16.40 119.60 1,961
04/24 8906 00101 軽油 25.70 119.60 3,074
04/27 8906 00101 軽油 19.40 119.60 2,320
04/29 8906 00101 軽油 36.00 119.60 4,306
05/01 8906 00101 軽油 32.00 119.60 3,827
05/04 8906 00101 軽油 53.50 119.60 6,399
05/06 8906 00101 軽油 32.40 119.60 3,875
05/08 8906 00101 軽油 22.00 119.60 2,631
05/11 8906 00101 軽油 24.80 119.60 2,966
05/13 8906 00101 軽油 48.30 119.60 5,777
05/15 8906 00101 軽油 30.60 119.60 3,660
05/18 8906 00101 軽油 48.90 119.60 5,848
05/20 8906 00101 軽油 15.00 119.60 1,794
***** 軽油税 405.00 15.00 6,077
***** 車番計 54,515
04/22 8958 00101 軽油 84.10 119.60 10,058
04/24 8958 00101 軽油 74.50 119.60 8,910
04/27 8958 00101 軽油 26.50 119.60 3,169
04/29 8958 00101 軽油 74.20 119.60 8,874
05/01 8958 00101 軽油 46.10 119.60 5,514
05/04 8958 00101 軽油 39.90 119.60 4,772
05/06 8958 00101 軽油 78.80 119.60 9,424
05/08 8958 00101 軽油 24.30 119.60 2,906
05/11 8958 00101 軽油 31.10 119.60 3,720
05/13 8958 00101 軽油 74.80 119.60 8,946
05/15 8958 00101 軽油 78.20 119.60 9,353
05/18 8958 00101 軽油 32.20 119.60 3,851
05/20 8958 00101 軽油 70.40 119.60 8,420
***** 軽油税 735.10 15.00 11,030
***** 車番計 98,947
04/22 9472 00101 軽油 24.40 119.60 2,918
04/24 9472 00101 軽油 65.20 119.60 7,798
04/27 9472 00101 軽油 108.60 119.60 12,989
04/29 9472 00101 軽油 74.80 119.60 8,946
05/01 9472 00101 軽油 89.80 119.60 10,740
05/04 9472 00101 軽油 72.50 119.60 8,671
05/06 9472 00101 軽油 7.90 119.60 945
05/08 9472 00101 軽油 103.10 119.60 12,331
05/11 9472 00101 軽油 125.00 119.60 14,950
05/15 9472 00101 軽油 91.30 119.60 10,919
05/18 9472 00101 軽油 105.60 119.60 12,630
05/20 9472 00101 軽油 54.40 119.60 6,506
***** 軽油税 922.60 15.00 13,841
***** 車番計 124,184
04/22 9657 00101 軽油 72.00 119.60 8,611
04/24 9657 00101 軽油 86.00 119.60 10,286
04/27 9657 00101 軽油 79.50 119.60 9,508
05/01 9657 00101 軽油 106.90 119.60 12,785
05/04 9657 00101 軽油 113.40 119.60 13,563
05/06 9657 00101 軽油 89.30 119.60 10,680
05/08 9657 00101 軽油 92.00 119.60 11,003
05/11 9657 00101 軽油 91.30 119.60 10,919
05/13 9657 00101 軽油 78.90 119.60 9,436
05/15 9657 00101 軽油 74.70 119.60 8,934
05/18 9657 00101 軽油 67.40 119.60 8,061
05/20 9657 00101 軽油 63.10 119.60 7,547
***** 軽油税 1,014.50 15.00 15,221
***** 車番計 136,554
04/22 9686 00101 軽油 100.00 119.60 11,960
04/24 9686 00101 軽油 110.00 119.60 13,156
04/27 9686 00101 軽油 115.00 119.60 13,754
04/29 9686 00101 軽油 90.00 119.60 10,764
05/01 9686 00101 軽油 120.00 119.60 14,352
05/04 9686 00101 軽油 101.10 119.60 12,092
05/06 9686 00101 軽油 110.70 119.60 13,240
05/08 9686 00101 軽油 96.00 119.60 11,482
05/11 9686 00101 軽油 110.00 119.60 13,156
05/13 9686 00101 軽油 95.00 119.60 11,362
05/15 9686 00101 軽油 100.00 119.60 11,960
05/18 9686 00101 軽油 113.00 119.60 13,515
05/20 9686 00101 軽油 100.00 119.60 11,960
***** 軽油税 1,360.80 15.00 20,413
***** 車番計 183,166
04/22 9766 00101 軽油 47.50 119.60 5,681
04/24 9766 00101 軽油 49.10 119.60 5,872
04/27 9766 00101 軽油 31.30 119.60 3,743
04/29 9766 00101 軽油 66.20 119.60 7,918
05/01 9766 00101 軽油 42.90 119.60 5,131
05/04 9766 00101 軽油 35.60 119.60 4,258
05/06 9766 00101 軽油 40.70 119.60 4,868
05/11 9766 00101 軽油 43.50 119.60 5,203
05/13 9766 00101 軽油 13.10 119.60 1,567
05/18 9766 00101 軽油 61.20 119.60 7,320
05/20 9766 00101 軽油 22.60 119.60 2,703
***** 軽油税 453.70 15.00 6,809
***** 車番計 61,073
04/22 9821 00101 軽油 84.40 119.60 10,094
04/24 9821 00101 軽油 44.00 119.60 5,262
04/27 9821 00101 軽油 48.70 119.60 5,825
04/29 9821 00101 軽油 29.80 119.60 3,564
05/01 9821 00101 軽油 54.50 119.60 6,518
05/11 9821 00101 軽油 46.40 119.60 5,549
05/13 9821 00101 軽油 92.80 119.60 11,099
05/15 9821 00101 軽油 16.00 119.60 1,914
05/18 9821 00101 軽油 8.30 119.60 993
05/20 9821 00101 軽油 66.20 119.60 7,918
***** 軽油税 491.10 15.00 7,368
***** 車番計 66,104
